10002	1	0	0	1	1
10004	1	0	0	2	1
10005	1	0	0	1	2
10007	1	0	0	1	1
10008	1	0	0	1	2
10009	1	0	0	1	2
10010	1	0	0	1	2
10011	1	0	0	2	1
10012	1	0	0	1	2
10013	1	0	0	2	0
10014	1	0	0	1	2
10015	1	0	0	1	2
10016	1	0	0	1	1
10017	1	0	0	1	2
10018	1	0	0	1	1
10019	1	0	0	1	1
10020	1	0	0	1	2
10021	1	0	0	1	2
10022	1	0	0	1	1
10023	1	0	0	2	1
10024	1	0	0	2	2
10025	1	0	0	1	1
10026	1	0	0	2	2
10027	1	0	0	2	0
10028	1	0	0	1	0
10029	1	0	0	1	0
10030	1	0	0	2	1
10031	1	0	0	1	2
10032	1	0	0	2	0
10033	1	0	0	1	0
10034	1	0	0	1	0
10035	1	0	0	1	2
10036	1	0	0	1	2
10038	1	0	0	1	1
10040	1	0	0	2	0
10041	1	0	0	1	2
10042	1	0	0	1	2
10043	1	0	0	2	2
10044	1	0	0	1	1
10045	1	0	0	1	2
10047	1	0	0	1	0
10049	1	0	0	1	2
10052	1	0	0	1	2
10053	1	0	0	1	2
10054	1	0	0	2	0
10055	1	0	0	1	0
10056	1	0	0	1	1
10057	1	0	0	1	1
10058	1	0	0	1	1
10059	1	0	0	1	0
10061	1	0	0	1	2
10062	1	0	0	1	2
10063	1	0	0	2	0
10064	1	0	0	1	1
10065	1	0	0	1	2
10066	1	0	0	1	1
10067	1	0	0	1	1
10068	1	0	0	2	2
10069	1	0	0	2	0
10070	1	0	0	2	2
10071	1	0	0	1	1
10072	1	0	0	1	1
10073	1	0	0	2	0
10074	1	0	0	1	2
10076	1	0	0	1	0
10077	1	0	0	1	0
10078	1	0	0	1	0
10079	1	0	0	1	2
10080	1	0	0	1	0
10081	1	0	0	1	1
10082	1	0	0	1	2
10083	1	0	0	1	2
10084	1	0	0	1	0
10085	1	0	0	1	0
10086	1	0	0	1	1
10088	1	0	0	2	1
10089	1	0	0	2	0
10090	1	0	0	1	1
10091	1	0	0	1	1
10092	1	0	0	1	1
10093	1	0	0	1	1
10094	1	0	0	1	1
10095	1	0	0	2	2
10096	1	0	0	1	2
10097	1	0	0	2	0
10098	1	0	0	1	1
10099	1	0	0	2	0
10100	1	0	0	2	1
10101	1	0	0	1	1
10102	1	0	0	1	0
10103	1	0	0	1	1
10104	1	0	0	1	1
10105	1	0	0	2	0
10106	1	0	0	1	1
10108	1	0	0	1	2
10109	1	0	0	2	0
10111	1	0	0	1	0
10112	1	0	0	2	0
10113	1	0	0	1	2
10114	1	0	0	1	0
10116	1	0	0	1	1
10117	1	0	0	1	0
10118	1	0	0	1	0
10119	1	0	0	2	2
10120	1	0	0	2	2
10121	1	0	0	1	0
10122	1	0	0	1	0
10123	1	0	0	1	1
10124	1	0	0	1	2
10125	1	0	0	2	1
10126	1	0	0	1	0
10127	1	0	0	2	1
10128	1	0	0	2	0
10129	1	0	0	1	0
10130	1	0	0	1	1
10131	1	0	0	2	0
10132	1	0	0	2	0
10133	1	0	0	1	1
10134	1	0	0	1	1
10135	1	0	0	2	0
10136	1	0	0	1	1
10137	1	0	0	1	1
10138	1	0	0	1	2
10139	1	0	0	2	1
10140	1	0	0	1	1
10141	1	0	0	1	0
10142	1	0	0	1	0
10143	1	0	0	1	0
10144	1	0	0	1	0
10145	1	0	0	2	0
10146	1	0	0	1	1
10147	1	0	0	2	0
10148	1	0	0	1	0
10149	1	0	0	1	1
10150	1	0	0	1	2
10151	1	0	0	2	0
10152	1	0	0	1	0
10153	1	0	0	1	2
10154	1	0	0	1	0
10155	1	0	0	1	0
10156	1	0	0	1	1
10157	1	0	0	1	2
10158	1	0	0	2	2
10159	1	0	0	1	0
10160	1	0	0	2	0
10161	1	0	0	1	2
10162	1	0	0	2	2
10163	1	0	0	1	2
10164	1	0	0	2	1
10165	1	0	0	1	2
10166	1	0	0	2	2
10167	1	0	0	2	2
10168	1	0	0	1	0
10169	1	0	0	1	1
10170	1	0	0	1	2
10171	1	0	0	1	2
10172	1	0	0	1	2
10173	1	0	0	2	1
10174	1	0	0	2	0
10175	1	0	0	1	0
10176	1	0	0	2	1
10177	1	0	0	1	0
10178	1	0	0	1	2
10179	1	0	0	2	2
10181	1	0	0	2	2
10182	1	0	0	1	1
10183	1	0	0	1	2
10184	1	0	0	2	2
10185	1	0	0	2	0
10186	1	0	0	1	2
10187	1	0	0	2	0
10188	1	0	0	1	1
10189	1	0	0	1	2
10190	1	0	0	1	2
10191	1	0	0	1	2
10193	1	0	0	1	2
10195	1	0	0	2	0
10196	1	0	0	1	1
10197	1	0	0	1	2
10198	1	0	0	1	2
10200	1	0	0	2	0
10201	1	0	0	2	2
10202	1	0	0	2	2
10204	1	0	0	2	0
10205	1	0	0	1	2
10206	1	0	0	1	1
10207	1	0	0	1	1
10208	1	0	0	1	1
10209	1	0	0	2	0
10211	1	0	0	2	1
10212	1	0	0	1	1
10214	1	0	0	1	0
10215	1	0	0	2	2
10216	1	0	0	2	0
10217	1	0	0	1	2
10218	1	0	0	2	2
10219	1	0	0	1	0
10220	1	0	0	1	1
10221	1	0	0	1	2
10222	1	0	0	1	2
10223	1	0	0	1	2
10224	1	0	0	2	0
10225	1	0	0	1	2
10226	1	0	0	1	1
10227	1	0	0	1	1
10228	1	0	0	1	0
10229	1	0	0	2	1
10230	1	0	0	1	0
10231	1	0	0	1	1
10232	1	0	0	2	2
10233	1	0	0	1	0
10234	1	0	0	2	0
10235	1	0	0	2	1
10236	1	0	0	2	2
10237	1	0	0	1	1
10238	1	0	0	1	0
10239	1	0	0	2	0
10240	1	0	0	2	0
10241	1	0	0	1	2
10242	1	0	0	1	0
10243	1	0	0	1	1
10244	1	0	0	1	2
10246	1	0	0	1	2
10247	1	0	0	1	1
10248	1	0	0	1	2
10249	1	0	0	1	2
10250	1	0	0	2	0
10251	1	0	0	1	2
10252	1	0	0	1	0
10253	1	0	0	1	2
10254	1	0	0	1	0
10255	1	0	0	1	0
10256	1	0	0	1	2
10257	1	0	0	2	0
10258	1	0	0	1	2
10259	1	0	0	1	0
10260	1	0	0	1	1
10261	1	0	0	1	0
10262	1	0	0	1	0
10263	1	0	0	1	0
10264	1	0	0	1	2
10266	1	0	0	1	2
10267	1	0	0	2	0
10268	1	0	0	1	0
10269	1	0	0	1	2
10270	1	0	0	1	2
10271	1	0	0	2	0
10272	1	0	0	1	0
10273	1	0	0	2	1
10274	1	0	0	1	1
10275	1	0	0	1	2
10276	1	0	0	1	0
10277	1	0	0	1	0
10278	1	0	0	1	0
10279	1	0	0	2	0
10280	1	0	0	2	0
10281	1	0	0	1	1
10282	1	0	0	1	1
10283	1	0	0	1	2
10284	1	0	0	2	0
10285	1	0	0	2	0
10286	1	0	0	1	2
10287	1	0	0	2	0
10288	1	0	0	1	0
10289	1	0	0	1	0
10290	1	0	0	2	0
10291	1	0	0	1	0
10292	1	0	0	2	2
10293	1	0	0	1	0
10294	1	0	0	1	0
10295	1	0	0	1	2
10296	1	0	0	1	1
10297	1	0	0	1	2
10298	1	0	0	2	2
10299	1	0	0	2	0
10301	1	0	0	2	1
10302	1	0	0	1	1
10303	1	0	0	1	0
10304	1	0	0	1	1
10305	1	0	0	1	2
10306	1	0	0	1	1
10307	1	0	0	1	2
10308	1	0	0	1	2
10309	1	0	0	2	1
10310	1	0	0	2	1
10311	1	0	0	2	1
10312	1	0	0	1	1
10315	1	0	0	2	0
10316	1	0	0	1	2
10317	1	0	0	2	0
10318	1	0	0	1	1
10319	1	0	0	2	2
10321	1	0	0	1	1
10322	1	0	0	1	1
10323	1	0	0	1	2
10324	1	0	0	1	2
10325	1	0	0	1	0
10326	1	0	0	1	0
10327	1	0	0	1	1
10328	1	0	0	2	1
10329	1	0	0	1	1
10330	1	0	0	1	1
10331	1	0	0	1	1
10332	1	0	0	1	0
10333	1	0	0	1	0
10335	1	0	0	2	1
10336	1	0	0	1	1
10337	1	0	0	1	2
10338	1	0	0	1	0
10339	1	0	0	1	2
10340	1	0	0	1	2
10341	1	0	0	2	0
10342	1	0	0	1	0
10343	1	0	0	1	2
10344	1	0	0	1	0
10345	1	0	0	2	0
10346	1	0	0	1	2
10347	1	0	0	2	1
10348	1	0	0	1	0
10349	1	0	0	1	1
10350	1	0	0	2	0
10351	1	0	0	1	0
10352	1	0	0	1	1
10353	1	0	0	1	2
10354	1	0	0	1	0
10355	1	0	0	2	0
10357	1	0	0	2	1
10359	1	0	0	1	2
10360	1	0	0	2	1
10361	1	0	0	2	0
10362	1	0	0	1	2
10363	1	0	0	1	2
10364	1	0	0	2	0
10365	1	0	0	1	2
10366	1	0	0	1	1
10368	1	0	0	2	2
10369	1	0	0	1	2
10370	1	0	0	1	1
10371	1	0	0	1	2
10372	1	0	0	1	1
10373	1	0	0	2	0
10374	1	0	0	1	0
10375	1	0	0	1	0
10376	1	0	0	2	0
10377	1	0	0	1	0
10378	1	0	0	1	1
10379	1	0	0	2	2
10380	1	0	0	1	1
10381	1	0	0	1	1
10382	1	0	0	1	2
10383	1	0	0	1	0
10384	1	0	0	1	1
10385	1	0	0	1	2
10386	1	0	0	2	0
10387	1	0	0	1	1
10388	1	0	0	1	2
10389	1	0	0	2	0
10390	1	0	0	1	2
10391	1	0	0	1	0
10392	1	0	0	2	1
10394	1	0	0	1	0
10396	1	0	0	1	1
10397	1	0	0	1	2
10398	1	0	0	2	2
10399	1	0	0	2	0
10400	1	0	0	2	0
10402	1	0	0	2	1
10403	1	0	0	1	1
10404	1	0	0	1	0
10405	1	0	0	1	0
10406	1	0	0	2	2
10407	1	0	0	2	2
10408	1	0	0	1	2
10409	1	0	0	2	0
10410	1	0	0	1	0
10412	1	0	0	1	2
10413	1	0	0	1	0
10414	1	0	0	2	1
10415	1	0	0	2	2
10416	1	0	0	1	2
10417	1	0	0	1	2
10419	1	0	0	1	1
10420	1	0	0	1	0
10421	1	0	0	2	0
10422	1	0	0	1	0
10423	1	0	0	1	2
10424	1	0	0	1	1
10425	1	0	0	1	1
10426	1	0	0	1	2
10427	1	0	0	2	1
10428	1	0	0	2	0
10429	1	0	0	1	1
10430	1	0	0	2	0
10432	1	0	0	1	2
10433	1	0	0	1	2
10434	1	0	0	1	2
10435	1	0	0	2	0
10436	1	0	0	1	1
10437	1	0	0	1	2
10438	1	0	0	2	0
10440	1	0	0	2	2
10441	1	0	0	2	2
10442	1	0	0	1	1
10443	1	0	0	1	2
10444	1	0	0	1	2
10445	1	0	0	2	0
10446	1	0	0	1	2
10447	1	0	0	1	1
10448	1	0	0	1	2
10449	1	0	0	1	2
10450	1	0	0	2	1
10451	1	0	0	1	1
10452	1	0	0	2	0
10453	1	0	0	1	0
10454	1	0	0	1	0
10455	1	0	0	1	1
10456	1	0	0	1	1
10457	1	0	0	2	0
10458	1	0	0	1	2
10460	1	0	0	1	1
10461	1	0	0	1	1
10462	1	0	0	1	0
10463	1	0	0	1	2
10464	1	0	0	1	1
10465	1	0	0	2	0
10466	1	0	0	1	0
10468	1	0	0	2	1
10469	1	0	0	1	0
10470	1	0	0	1	2
10472	1	0	0	1	2
10473	1	0	0	1	1
10474	1	0	0	1	1
10475	1	0	0	2	2
10476	1	0	0	1	2
10477	1	0	0	1	2
10478	1	0	0	2	0
10479	1	0	0	1	2
10480	1	0	0	1	0
10483	1	0	0	1	1
10484	1	0	0	1	0
10485	1	0	0	2	0
10486	1	0	0	1	2
10487	1	0	0	1	2
10488	1	0	0	1	1
10490	1	0	0	1	1
10491	1	0	0	2	0
10492	1	0	0	1	1
10493	1	0	0	1	2
10494	1	0	0	1	2
10495	1	0	0	1	2
10496	1	0	0	1	2
10497	1	0	0	1	2
10498	1	0	0	2	2
10499	1	0	0	1	1
10500	1	0	0	1	1
10501	1	0	0	1	2
10502	1	0	0	2	2
10503	1	0	0	1	2
10507	1	0	0	1	2
10508	1	0	0	1	1
10509	1	0	0	2	0
10510	1	0	0	1	1
10511	1	0	0	1	1
10512	1	0	0	1	2
10513	1	0	0	1	2
10514	1	0	0	2	0
10516	1	0	0	1	0
10517	1	0	0	1	2
10518	1	0	0	2	2
10519	1	0	0	1	0
10520	1	0	0	1	2
10522	1	0	0	1	1
10523	1	0	0	1	0
10524	1	0	0	1	2
10525	1	0	0	2	0
10526	1	0	0	2	1
10527	1	0	0	2	2
10528	1	0	0	2	0
10529	1	0	0	1	2
10530	1	0	0	1	0
10531	1	0	0	1	2
10532	1	0	0	1	2
10533	1	0	0	1	1
10534	1	0	0	1	1
10535	1	0	0	2	0
10536	1	0	0	1	2
10537	1	0	0	2	0
10538	1	0	0	1	0
10539	1	0	0	2	0
10540	1	0	0	2	0
10541	1	0	0	1	1
10543	1	0	0	2	0
10546	1	0	0	1	1
10547	1	0	0	1	1
10548	1	0	0	1	1
10549	1	0	0	1	0
10550	1	0	0	2	0
10551	1	0	0	1	0
10552	1	0	0	1	0
10553	1	0	0	2	1
10554	1	0	0	2	0
10555	1	0	0	2	1
10556	1	0	0	2	0
10557	1	0	0	2	0
10558	1	0	0	1	1
10559	1	0	0	1	2
10560	1	0	0	2	0
10561	1	0	0	1	0
10562	1	0	0	2	0
10563	1	0	0	1	2
10564	1	0	0	1	1
10565	1	0	0	1	2
10566	1	0	0	1	2
10567	1	0	0	2	0
10568	1	0	0	1	2
10570	1	0	0	1	2
10572	1	0	0	2	2
10573	1	0	0	1	0
10574	1	0	0	2	2
10576	1	0	0	1	0
10577	1	0	0	2	2
10579	1	0	0	1	1
10580	1	0	0	1	0
10582	1	0	0	2	0
10583	1	0	0	1	2
10584	1	0	0	1	1
10585	1	0	0	1	1
10586	1	0	0	1	2
10587	1	0	0	2	0
10588	1	0	0	2	0
10589	1	0	0	2	0
10590	1	0	0	1	1
10591	1	0	0	1	2
10592	1	0	0	1	2
10593	1	0	0	2	1
10594	1	0	0	1	2
10595	1	0	0	1	0
10596	1	0	0	2	2
10597	1	0	0	1	1
10598	1	0	0	1	2
10599	1	0	0	2	1
10600	1	0	0	1	0
10601	1	0	0	2	1
10602	1	0	0	1	1
10603	1	0	0	1	1
10604	1	0	0	2	1
10605	1	0	0	1	0
10606	1	0	0	1	1
10607	1	0	0	1	1
10608	1	0	0	2	1
10609	1	0	0	1	1
10611	1	0	0	1	2
10612	1	0	0	1	2
10613	1	0	0	2	2
10614	1	0	0	2	1
10615	1	0	0	1	2
10616	1	0	0	1	2
10618	1	0	0	2	1
10619	1	0	0	1	2
10620	1	0	0	1	1
10622	1	0	0	2	1
10623	1	0	0	1	2
10624	1	0	0	2	0
10625	1	0	0	1	2
10628	1	0	0	1	0
10629	1	0	0	1	1
10630	1	0	0	1	0
10631	1	0	0	1	1
10632	1	0	0	2	1
10633	1	0	0	2	0
10634	1	0	0	2	0
10636	1	0	0	2	2
10637	1	0	0	1	0
10638	1	0	0	1	1
10639	1	0	0	1	0
10640	1	0	0	1	1
10642	1	0	0	1	1
10644	1	0	0	1	0
10645	1	0	0	1	1
10646	1	0	0	1	2
10647	1	0	0	2	0
10648	1	0	0	1	2
10649	1	0	0	1	1
10650	1	0	0	1	2
10651	1	0	0	1	2
10652	1	0	0	1	2
10653	1	0	0	1	1
10656	1	0	0	2	2
10657	1	0	0	1	1
10658	1	0	0	1	2
10659	1	0	0	1	2
10660	1	0	0	1	2
10661	1	0	0	1	2
10662	1	0	0	2	0
10663	1	0	0	1	0
10664	1	0	0	1	2
10665	1	0	0	2	0
10666	1	0	0	2	1
10667	1	0	0	2	2
10669	1	0	0	1	1
10670	1	0	0	1	2
10671	1	0	0	1	0
10673	1	0	0	2	1
10674	1	0	0	1	1
10675	1	0	0	1	0
10676	1	0	0	1	2
10677	1	0	0	1	1
10678	1	0	0	1	0
10679	1	0	0	2	1
10680	1	0	0	1	2
10681	1	0	0	2	0
10682	1	0	0	2	0
10683	1	0	0	1	0
10684	1	0	0	1	1
10685	1	0	0	1	1
10686	1	0	0	1	2
10687	1	0	0	1	1
10688	1	0	0	1	0
10689	1	0	0	2	0
10690	1	0	0	2	2
10691	1	0	0	1	2
10692	1	0	0	1	2
10693	1	0	0	1	2
10694	1	0	0	2	1
10695	1	0	0	1	2
10696	1	0	0	2	0
10697	1	0	0	2	2
10698	1	0	0	2	0
10699	1	0	0	1	2
10700	1	0	0	1	2
10701	1	0	0	2	0
10702	1	0	0	1	1
10704	1	0	0	1	2
10705	1	0	0	1	2
10706	1	0	0	1	2
10707	1	0	0	2	2
10708	1	0	0	1	2
10709	1	0	0	2	2
10710	1	0	0	1	1
10711	1	0	0	1	1
10713	1	0	0	1	2
10714	1	0	0	1	1
10715	1	0	0	1	1
10716	1	0	0	1	1
10718	1	0	0	1	0
10721	1	0	0	1	2
10722	1	0	0	1	1
10723	1	0	0	1	2
10724	1	0	0	2	0
10725	1	0	0	1	1
10726	1	0	0	1	2
10727	1	0	0	1	2
10728	1	0	0	2	0
10729	1	0	0	1	2
10731	1	0	0	2	0
10732	1	0	0	1	0
10733	1	0	0	1	2
10734	1	0	0	2	0
10735	1	0	0	1	0
10736	1	0	0	1	2
10737	1	0	0	1	0
10738	1	0	0	2	1
10739	1	0	0	1	2
10740	1	0	0	1	1
10741	1	0	0	1	1
10742	1	0	0	2	0
10743	1	0	0	1	2
10744	1	0	0	1	2
10745	1	0	0	1	1
10746	1	0	0	2	2
10747	1	0	0	2	0
10748	1	0	0	1	1
10749	1	0	0	2	0
10750	1	0	0	2	0
10751	1	0	0	2	1
10752	1	0	0	1	0
10754	1	0	0	1	2
10755	1	0	0	1	2
10756	1	0	0	2	0
10758	1	0	0	1	2
10759	1	0	0	1	2
10760	1	0	0	1	2
10761	1	0	0	2	0
10762	1	0	0	1	0
10763	1	0	0	1	1
10764	1	0	0	1	0
10765	1	0	0	2	0
10766	1	0	0	1	1
10767	1	0	0	1	2
10768	1	0	0	1	1
10769	1	0	0	1	2
10770	1	0	0	1	2
10771	1	0	0	1	0
10772	1	0	0	1	0
10773	1	0	0	2	0
10774	1	0	0	2	2
10776	1	0	0	1	1
10777	1	0	0	2	2
10778	1	0	0	1	1
10779	1	0	0	1	2
10780	1	0	0	1	0
10781	1	0	0	2	0
10782	1	0	0	1	0
10783	1	0	0	1	0
10784	1	0	0	1	2
10785	1	0	0	1	1
10786	1	0	0	2	0
10787	1	0	0	2	0
10788	1	0	0	1	1
10789	1	0	0	1	1
10790	1	0	0	1	0
10791	1	0	0	2	0
10792	1	0	0	2	1
10793	1	0	0	1	0
10796	1	0	0	1	1
10797	1	0	0	1	2
10798	1	0	0	2	0
10799	1	0	0	1	2
10800	1	0	0	2	0
10801	1	0	0	2	0
10802	1	0	0	1	2
10804	1	0	0	2	2
10805	1	0	0	2	1
10806	1	0	0	1	1
10807	1	0	0	1	1
10808	1	0	0	1	1
10809	1	0	0	2	1
10810	1	0	0	1	2
10811	1	0	0	1	0
10812	1	0	0	2	2
10813	1	0	0	1	1
10814	1	0	0	2	2
10815	1	0	0	1	1
10817	1	0	0	1	2
10818	1	0	0	2	0
10819	1	0	0	1	2
10820	1	0	0	1	0
10821	1	0	0	2	0
10824	1	0	0	2	0
10825	1	0	0	1	2
10826	1	0	0	2	2
10827	1	0	0	2	2
10828	1	0	0	1	2
10829	1	0	0	1	2
10830	1	0	0	1	2
10831	1	0	0	2	0
10832	1	0	0	2	0
10833	1	0	0	1	2
10834	1	0	0	2	0
10835	1	0	0	2	0
10836	1	0	0	1	0
10837	1	0	0	1	1
10838	1	0	0	1	1
10839	1	0	0	1	2
10840	1	0	0	2	0
10841	1	0	0	2	0
10842	1	0	0	1	2
10843	1	0	0	1	2
10844	1	0	0	1	0
10845	1	0	0	1	0
10846	1	0	0	1	0
10847	1	0	0	1	1
10848	1	0	0	1	1
10849	1	0	0	1	1
10850	1	0	0	1	1
10851	1	0	0	1	1
10852	1	0	0	2	1
10853	1	0	0	1	2
10854	1	0	0	1	2
10855	1	0	0	2	1
10856	1	0	0	2	2
10857	1	0	0	1	1
10858	1	0	0	1	0
10859	1	0	0	1	0
10860	1	0	0	1	2
10861	1	0	0	2	1
10862	1	0	0	1	1
10865	1	0	0	1	2
10866	1	0	0	1	1
10867	1	0	0	1	1
10868	1	0	0	1	0
10869	1	0	0	1	2
10870	1	0	0	1	2
10871	1	0	0	1	1
10872	1	0	0	1	2
10873	1	0	0	2	2
10874	1	0	0	1	0
10875	1	0	0	1	1
10876	1	0	0	2	0
10877	1	0	0	1	2
10878	1	0	0	2	1
10879	1	0	0	1	2
10880	1	0	0	1	1
10881	1	0	0	2	2
10882	1	0	0	1	2
10883	1	0	0	2	0
10884	1	0	0	1	2
10885	1	0	0	2	0
10886	1	0	0	1	0
10887	1	0	0	1	2
10888	1	0	0	1	1
10889	1	0	0	2	1
10890	1	0	0	2	2
10891	1	0	0	1	1
10893	1	0	0	2	0
10894	1	0	0	1	2
10895	1	0	0	1	1
10897	1	0	0	1	1
10898	1	0	0	2	0
10899	1	0	0	1	1
10900	1	0	0	1	1
10901	1	0	0	1	0
10903	1	0	0	1	0
10904	1	0	0	1	2
10905	1	0	0	1	1
10906	1	0	0	1	1
10907	1	0	0	1	2
10908	1	0	0	1	0
10909	1	0	0	2	0
10910	1	0	0	2	0
10911	1	0	0	1	2
10912	1	0	0	2	0
10913	1	0	0	1	2
10914	1	0	0	2	0
10915	1	0	0	1	1
10918	1	0	0	1	2
10919	1	0	0	1	0
10922	1	0	0	1	0
10926	1	0	0	1	1
10928	1	0	0	1	0
10929	1	0	0	2	0
10930	1	0	0	2	2
10931	1	0	0	1	2
10932	1	0	0	1	1
10933	1	0	0	1	1
10934	1	0	0	1	1
10935	1	0	0	2	1
10937	1	0	0	2	0
10938	1	0	0	2	0
10939	1	0	0	1	2
10942	1	0	0	1	2
10943	1	0	0	2	0
10944	1	0	0	1	2
10946	1	0	0	1	0
10947	1	0	0	1	1
10948	1	0	0	2	0
10949	1	0	0	1	2
10950	1	0	0	1	1
10951	1	0	0	1	1
10952	1	0	0	1	2
10954	1	0	0	1	1
10956	1	0	0	2	1
10957	1	0	0	2	0
10958	1	0	0	1	1
10959	1	0	0	2	1
10960	1	0	0	1	1
10961	1	0	0	1	1
10962	1	0	0	1	1
10963	1	0	0	1	1
10964	1	0	0	1	1
10966	1	0	0	1	2
10967	1	0	0	2	1
10968	1	0	0	1	2
10969	1	0	0	1	0
10970	1	0	0	1	1
10971	1	0	0	2	2
10972	1	0	0	1	1
10973	1	0	0	2	2
10974	1	0	0	1	1
10975	1	0	0	1	1
10976	1	0	0	1	1
10977	1	0	0	1	1
10978	1	0	0	2	1
10980	1	0	0	2	0
10982	1	0	0	1	0
10983	1	0	0	1	2
10984	1	0	0	2	0
10986	1	0	0	2	0
10987	1	0	0	1	1
10989	1	0	0	1	1
10990	1	0	0	1	1
10991	1	0	0	1	1
10993	1	0	0	1	2
10995	1	0	0	1	1
10996	1	0	0	1	2
10997	1	0	0	2	0
11000	1	0	0	2	0
11001	1	0	0	2	2
11002	1	0	0	1	1
11003	1	0	0	1	1
11006	1	0	0	1	2
11008	1	0	0	1	1
11009	1	0	0	2	0
11010	1	0	0	1	2
11011	1	0	0	2	1
11012	1	0	0	2	0
11014	1	0	0	1	0
11015	1	0	0	1	1
11016	1	0	0	1	0
11017	1	0	0	1	1
11018	1	0	0	1	1
11019	1	0	0	1	1
11020	1	0	0	1	1
11021	1	0	0	1	0
11022	1	0	0	1	0
11023	1	0	0	1	2
11024	1	0	0	2	1
11025	1	0	0	1	0
11027	1	0	0	2	0
11028	1	0	0	2	0
11031	1	0	0	1	0
11032	1	0	0	1	1
11033	1	0	0	1	1
11034	1	0	0	1	2
11035	1	0	0	1	1
11036	1	0	0	1	1
11037	1	0	0	2	0
11041	1	0	0	1	2
11042	1	0	0	2	0
11044	1	0	0	1	1
11045	1	0	0	2	0
11046	1	0	0	2	2
11047	1	0	0	2	1
11048	1	0	0	1	1
11049	1	0	0	1	1
11050	1	0	0	1	1
11052	1	0	0	1	2
11054	1	0	0	1	1
11055	1	0	0	2	0
11056	1	0	0	1	0
11057	1	0	0	2	0
11058	1	0	0	1	0
11059	1	0	0	1	0
11060	1	0	0	2	0
11061	1	0	0	1	2
11062	1	0	0	1	1
11063	1	0	0	2	1
11064	1	0	0	1	1
11066	1	0	0	1	1
11067	1	0	0	1	1
11068	1	0	0	1	2
11070	1	0	0	1	0
11071	1	0	0	1	2
11072	1	0	0	1	0
11073	1	0	0	2	0
11074	1	0	0	1	1
11075	1	0	0	1	2
11076	1	0	0	1	1
11077	1	0	0	1	0
11078	1	0	0	1	0
11079	1	0	0	1	1
11080	1	0	0	1	1
11081	1	0	0	1	1
11082	1	0	0	1	1
11083	1	0	0	1	0
11084	1	0	0	2	1
11085	1	0	0	2	1
11086	1	0	0	1	2
11087	1	0	0	2	2
11088	1	0	0	1	2
11089	1	0	0	1	1
11090	1	0	0	1	2
11091	1	0	0	2	0
11092	1	0	0	1	1
11093	1	0	0	2	2
11094	1	0	0	2	0
11095	1	0	0	2	2
11096	1	0	0	1	2
11097	1	0	0	2	2
11098	1	0	0	1	1
11099	1	0	0	1	1
11100	1	0	0	2	2
11101	1	0	0	1	0
11103	1	0	0	1	2
11105	1	0	0	1	0
11106	1	0	0	2	0
11107	1	0	0	1	2
11108	1	0	0	1	0
11109	1	0	0	1	1
11110	1	0	0	2	1
11112	1	0	0	1	2
11113	1	0	0	1	2
11114	1	0	0	2	0
11115	1	0	0	1	1
11116	1	0	0	1	1
11117	1	0	0	1	0
11118	1	0	0	1	1
11119	1	0	0	1	1
11120	1	0	0	1	0
11121	1	0	0	1	0
11122	1	0	0	2	2
11123	1	0	0	1	2
11124	1	0	0	1	1
11125	1	0	0	2	1
11126	1	0	0	2	2
11127	1	0	0	1	0
11128	1	0	0	1	0
11129	1	0	0	2	1
11130	1	0	0	1	1
11132	1	0	0	2	0
11133	1	0	0	1	2
11134	1	0	0	1	1
11135	1	0	0	1	2
11136	1	0	0	2	0
11137	1	0	0	2	2
11138	1	0	0	2	1
11140	1	0	0	1	2
11141	1	0	0	1	1
11142	1	0	0	1	2
11143	1	0	0	1	1
11144	1	0	0	1	1
11145	1	0	0	2	2
11146	1	0	0	1	0
11147	1	0	0	1	1
11148	1	0	0	2	0
11150	1	0	0	2	0
11151	1	0	0	1	1
11152	1	0	0	2	2
11153	1	0	0	1	0
11154	1	0	0	1	1
11155	1	0	0	1	1
11156	1	0	0	1	1
11157	1	0	0	2	0
11158	1	0	0	1	1
11159	1	0	0	1	1
11160	1	0	0	2	1
11161	1	0	0	2	0
11162	1	0	0	2	1
11163	1	0	0	2	2
11164	1	0	0	1	2
11165	1	0	0	1	2
11167	1	0	0	2	1
11169	1	0	0	2	1
11170	1	0	0	1	1
11172	1	0	0	2	1
11173	1	0	0	1	2
11174	1	0	0	2	0
11175	1	0	0	2	0
11176	1	0	0	2	2
11177	1	0	0	2	1
11178	1	0	0	2	0
11180	1	0	0	1	2
11181	1	0	0	2	2
11182	1	0	0	2	2
11183	1	0	0	1	1
11184	1	0	0	2	0
11185	1	0	0	2	0
11186	1	0	0	1	2
11187	1	0	0	1	1
11188	1	0	0	2	1
11190	1	0	0	1	1
11191	1	0	0	1	1
11192	1	0	0	2	1
11193	1	0	0	2	1
11194	1	0	0	1	0
11195	1	0	0	2	0
11196	1	0	0	1	2
11197	1	0	0	1	2
11198	1	0	0	1	1
11199	1	0	0	1	1
11200	1	0	0	2	0
11201	1	0	0	1	0
11202	1	0	0	2	1
11203	1	0	0	1	1
11204	1	0	0	1	1
11205	1	0	0	1	2
11206	1	0	0	1	2
11207	1	0	0	2	1
11208	1	0	0	1	0
11209	1	0	0	2	0
11212	1	0	0	2	1
11213	1	0	0	2	0
11215	1	0	0	1	2
11218	1	0	0	1	2
11219	1	0	0	1	1
11220	1	0	0	1	2
11221	1	0	0	2	2
11225	1	0	0	2	2
11227	1	0	0	1	0
11228	1	0	0	2	2
11229	1	0	0	1	1
11230	1	0	0	2	2
11231	1	0	0	1	0
11232	1	0	0	1	2
11233	1	0	0	1	0
11234	1	0	0	2	1
11235	1	0	0	2	1
11236	1	0	0	1	1
11237	1	0	0	1	2
11238	1	0	0	1	1
11239	1	0	0	1	1
11240	1	0	0	1	2
11241	1	0	0	1	0
11242	1	0	0	1	2
11243	1	0	0	1	1
11244	1	0	0	1	2
11245	1	0	0	1	2
11246	1	0	0	2	0
11247	1	0	0	1	1
11248	1	0	0	1	1
11249	1	0	0	1	2
11252	1	0	0	1	1
11253	1	0	0	1	1
11255	1	0	0	2	1
11256	1	0	0	1	2
11257	1	0	0	1	1
11258	1	0	0	1	1
11259	1	0	0	1	2
11260	1	0	0	1	2
11261	1	0	0	1	0
11262	1	0	0	1	2
11263	1	0	0	2	1
11266	1	0	0	2	0
11267	1	0	0	1	0
11268	1	0	0	2	0
11270	1	0	0	2	2
11271	1	0	0	1	1
11272	1	0	0	2	0
11273	1	0	0	1	2
11274	1	0	0	1	2
11275	1	0	0	1	0
11276	1	0	0	2	0
11277	1	0	0	2	2
11278	1	0	0	2	0
11279	1	0	0	2	2
11281	1	0	0	1	2
11282	1	0	0	2	0
11283	1	0	0	2	0
11284	1	0	0	1	2
11285	1	0	0	1	0
11290	1	0	0	1	1
11291	1	0	0	1	1
11292	1	0	0	2	0
11293	1	0	0	2	2
11294	1	0	0	1	1
11295	1	0	0	1	1
11296	1	0	0	1	1
11297	1	0	0	1	2
11298	1	0	0	2	0
11299	1	0	0	1	0
11300	1	0	0	1	2
11301	1	0	0	1	1
11302	1	0	0	1	2
11303	1	0	0	1	1
11304	1	0	0	2	1
11305	1	0	0	2	0
11306	1	0	0	1	1
11307	1	0	0	1	0
11308	1	0	0	1	2
11309	1	0	0	1	1
11310	1	0	0	1	1
11311	1	0	0	2	0
11312	1	0	0	1	2
11313	1	0	0	2	2
11314	1	0	0	2	0
11315	1	0	0	1	2
11316	1	0	0	1	2
11317	1	0	0	1	0
11318	1	0	0	2	2
11319	1	0	0	1	1
11320	1	0	0	1	2
11321	1	0	0	1	2
11322	1	0	0	1	2
11323	1	0	0	1	1
11328	1	0	0	1	0
11329	1	0	0	2	2
11330	1	0	0	1	0
11331	1	0	0	2	1
11332	1	0	0	1	2
11333	1	0	0	2	2
11335	1	0	0	1	1
11336	1	0	0	1	1
11337	1	0	0	2	0
11338	1	0	0	1	1
11339	1	0	0	1	1
11340	1	0	0	2	0
11342	1	0	0	1	1
11343	1	0	0	2	0
11344	1	0	0	1	2
11346	1	0	0	2	2
11347	1	0	0	1	0
11348	1	0	0	1	0
11349	1	0	0	1	0
11350	1	0	0	1	0
11351	1	0	0	2	1
11352	1	0	0	1	0
11353	1	0	0	1	2
11354	1	0	0	1	1
11355	1	0	0	2	1
11356	1	0	0	1	1
11357	1	0	0	2	0
11358	1	0	0	1	2
11359	1	0	0	1	1
11361	1	0	0	1	1
11362	1	0	0	1	1
11363	1	0	0	1	0
11364	1	0	0	1	2
11365	1	0	0	2	0
11366	1	0	0	2	1
11367	1	0	0	2	2
11368	1	0	0	2	0
11369	1	0	0	2	0
11370	1	0	0	2	0
11371	1	0	0	1	1
11372	1	0	0	2	2
11374	1	0	0	1	1
11375	1	0	0	1	2
11376	1	0	0	1	2
11377	1	0	0	1	2
11378	1	0	0	1	1
11379	1	0	0	1	0
11380	1	0	0	1	2
11381	1	0	0	1	2
11382	1	0	0	2	0
11383	1	0	0	1	2
11384	1	0	0	1	0
11385	1	0	0	1	1
11386	1	0	0	1	0
11388	1	0	0	1	2
11390	1	0	0	1	0
11392	1	0	0	1	1
11393	1	0	0	1	1
11394	1	0	0	1	2
11395	1	0	0	2	1
11396	1	0	0	2	0
11397	1	0	0	2	2
11398	1	0	0	2	1
11399	1	0	0	1	0
11400	1	0	0	1	1
11401	1	0	0	2	0
11402	1	0	0	1	2
11403	1	0	0	1	2
11404	1	0	0	1	1
11405	1	0	0	1	1
11406	1	0	0	1	1
11407	1	0	0	1	2
11409	1	0	0	1	1
11410	1	0	0	2	2
11411	1	0	0	2	1
11413	1	0	0	2	0
11414	1	0	0	2	0
11415	1	0	0	1	1
11416	1	0	0	1	1
11417	1	0	0	1	1
11418	1	0	0	1	1
11419	1	0	0	1	2
11420	1	0	0	1	2
11421	1	0	0	1	1
11422	1	0	0	1	2
11423	1	0	0	1	2
11424	1	0	0	1	1
11426	1	0	0	1	1
11427	1	0	0	1	2
11428	1	0	0	1	1
11429	1	0	0	2	2
11430	1	0	0	1	2
11431	1	0	0	1	0
11432	1	0	0	2	0
11433	1	0	0	2	0
11434	1	0	0	2	1
11435	1	0	0	1	1
11436	1	0	0	1	1
11438	1	0	0	2	0
11439	1	0	0	1	1
11440	1	0	0	2	0
11441	1	0	0	2	0
11442	1	0	0	2	1
11443	1	0	0	1	1
11444	1	0	0	1	2
11445	1	0	0	1	1
11446	1	0	0	2	2
11447	1	0	0	1	0
11448	1	0	0	2	1
11449	1	0	0	1	1
11450	1	0	0	1	2
11451	1	0	0	1	0
11452	1	0	0	1	2
11453	1	0	0	1	2
11454	1	0	0	1	1
11455	1	0	0	2	0
11456	1	0	0	1	1
11457	1	0	0	1	1
11458	1	0	0	1	0
11459	1	0	0	1	0
11460	1	0	0	1	1
11468	1	0	0	1	1
11469	1	0	0	1	1
11470	1	0	0	1	0
11471	1	0	0	1	0
11472	1	0	0	1	1
11475	1	0	0	1	1
11476	1	0	0	1	1
11477	1	0	0	2	1
11478	1	0	0	1	1
11479	1	0	0	2	1
11480	1	0	0	1	2
11481	1	0	0	2	2
11482	1	0	0	1	0
11483	1	0	0	2	1
11484	1	0	0	1	2
11485	1	0	0	1	0
11486	1	0	0	2	0
11487	1	0	0	1	0
11488	1	0	0	1	0
11490	1	0	0	1	1
11491	1	0	0	2	0
11492	1	0	0	1	2
11493	1	0	0	2	0
11494	1	0	0	2	0
11495	1	0	0	2	2
11496	1	0	0	1	2
11497	1	0	0	1	1
11498	1	0	0	1	2
11499	1	0	0	2	0
11500	1	0	0	1	2
11501	1	0	0	1	2
11502	1	0	0	1	1
11503	1	0	0	1	1
11505	1	0	0	1	1
11506	1	0	0	2	0
11507	1	0	0	1	0
11508	1	0	0	2	2
11509	1	0	0	2	0
11510	1	0	0	1	0
11511	1	0	0	2	2
11513	1	0	0	1	0
11514	1	0	0	2	2
11515	1	0	0	1	1
11516	1	0	0	2	0
11517	1	0	0	1	0
11518	1	0	0	1	2
11520	1	0	0	1	2
11521	1	0	0	2	2
11522	1	0	0	1	1
11523	1	0	0	2	0
11524	1	0	0	2	0
11525	1	0	0	2	0
11526	1	0	0	1	1
11527	1	0	0	2	0
11529	1	0	0	1	1
11530	1	0	0	2	1
11531	1	0	0	1	1
11532	1	0	0	1	0
11533	1	0	0	1	2
11534	1	0	0	2	1
11535	1	0	0	1	2
11536	1	0	0	1	2
11537	1	0	0	2	0
11538	1	0	0	1	1
11539	1	0	0	2	1
11540	1	0	0	1	2
11541	1	0	0	1	1
11542	1	0	0	1	0
11543	1	0	0	2	2
11544	1	0	0	1	2
11545	1	0	0	2	1
11546	1	0	0	2	1
11547	1	0	0	1	0
11548	1	0	0	1	0
11549	1	0	0	2	0
11550	1	0	0	1	2
11551	1	0	0	2	0
11552	1	0	0	1	1
11553	1	0	0	2	1
11554	1	0	0	2	2
11555	1	0	0	2	0
11556	1	0	0	1	0
11557	1	0	0	2	0
11558	1	0	0	2	0
11559	1	0	0	2	2
11562	1	0	0	2	0
11563	1	0	0	2	2
11564	1	0	0	1	2
11565	1	0	0	2	0
11566	1	0	0	2	0
11567	1	0	0	1	0
11568	1	0	0	2	0
11569	1	0	0	1	1
11570	1	0	0	1	2
11572	1	0	0	2	0
11573	1	0	0	2	2
11574	1	0	0	1	2
11575	1	0	0	2	0
11576	1	0	0	1	0
11577	1	0	0	1	0
11578	1	0	0	2	2
11579	1	0	0	2	0
11580	1	0	0	2	0
11582	1	0	0	1	1
11583	1	0	0	2	0
11584	1	0	0	2	2
11585	1	0	0	2	0
11587	1	0	0	1	0
11588	1	0	0	1	0
11589	1	0	0	1	2
11590	1	0	0	2	2
11591	1	0	0	2	0
11592	1	0	0	1	2
11593	1	0	0	1	1
11594	1	0	0	1	1
11596	1	0	0	1	0
